[gd_scene load_steps=13 format=3 uid="uid://155xx7s6y6ta"]

[ext_resource type="Texture2D" uid="uid://c8arnlq67qi7" path="res://assets/textures/grids/Dark/texture_05.png" id="1_jyhfs"]
[ext_resource type="Texture2D" uid="uid://b58xv1joypxo5" path="res://assets/textures/grids/Orange/texture_09.png" id="2_tbgi4"]
[ext_resource type="Texture2D" uid="uid://cm5m7nr7dugjd" path="res://assets/textures/grids/Purple/texture_09.png" id="3_tefeu"]
[ext_resource type="Texture2D" uid="uid://djg8y25y06h5n" path="res://assets/textures/grids/Green/texture_09.png" id="4_o6xl0"]
[ext_resource type="PackedScene" uid="uid://be8qbmt0fe144" path="res://scenes/player.tscn" id="5_tbgi4"]

[sub_resource type="ProceduralSkyMaterial" id="ProceduralSkyMaterial_tipki"]
sky_horizon_color = Color(0.66224277, 0.6717428, 0.6867428, 1)
ground_horizon_color = Color(0.66224277, 0.6717428, 0.6867428, 1)

[sub_resource type="Sky" id="Sky_85g3d"]
sky_material = SubResource("ProceduralSkyMaterial_tipki")

[sub_resource type="Environment" id="Environment_choun"]
background_mode = 2
sky = SubResource("Sky_85g3d")
tonemap_mode = 2
sdfgi_enabled = true
glow_enabled = true
fog_enabled = true
fog_light_color = Color(0.6204499, 0.6532144, 0.70417947, 1)
fog_density = 0.001

[sub_resource type="StandardMaterial3D" id="StandardMaterial3D_ya4ey"]
albedo_texture = ExtResource("1_jyhfs")
uv1_triplanar = true

[sub_resource type="StandardMaterial3D" id="StandardMaterial3D_eb6dy"]
albedo_texture = ExtResource("2_tbgi4")

[sub_resource type="StandardMaterial3D" id="StandardMaterial3D_trceg"]
albedo_texture = ExtResource("3_tefeu")
uv1_triplanar = true

[sub_resource type="StandardMaterial3D" id="StandardMaterial3D_a8y0u"]
albedo_texture = ExtResource("4_o6xl0")
uv1_scale = Vector3(3, 3, 3)
uv1_triplanar = true

[node name="world" type="Node3D"]

[node name="DirectionalLight3D" type="DirectionalLight3D" parent="."]
transform = Transform3D(-0.8660254, -0.43301278, 0.25, 0, 0.49999997, 0.86602545, -0.50000006, 0.75, -0.43301266, 0, 0, 0)
shadow_enabled = true

[node name="WorldEnvironment" type="WorldEnvironment" parent="."]
environment = SubResource("Environment_choun")

[node name="map" type="Node3D" parent="."]

[node name="floor" type="CSGBox3D" parent="map"]
transform = Transform3D(1, 0, 0, 0, 1, 0, 0, 0, 1, 0, -0.4995, 0)
material_override = SubResource("StandardMaterial3D_ya4ey")
use_collision = true
size = Vector3(1000, 0.001, 1000)

[node name="box" type="CSGBox3D" parent="map"]
transform = Transform3D(0.93274605, 0, -0.36053407, 0, 1, 0, 0.36053407, 0, 0.93274605, 3.7, 0, 0)
material_override = SubResource("StandardMaterial3D_eb6dy")
use_collision = true

[node name="box2" type="CSGBox3D" parent="map"]
transform = Transform3D(0.93274605, 0, -0.36053407, 0, 1, 0, 0.36053407, 0, 0.93274605, -7.4538417, 0.4, 3.9)
material_override = SubResource("StandardMaterial3D_trceg")
use_collision = true
size = Vector3(2, 2, 2)

[node name="box3" type="CSGBox3D" parent="map"]
transform = Transform3D(0.9880284, -0.007522085, 0.15408859, 0.005423936, 0.9998868, 0.014032391, -0.15417671, -0.013028636, 0.98795736, 3.9398727, 0.4, -14.334347)
material_override = SubResource("StandardMaterial3D_a8y0u")
use_collision = true
size = Vector3(3, 3, 3)

[node name="Player" parent="." instance=ExtResource("5_tbgi4")]
transform = Transform3D(1, 0, 0, 0, 1, 0, 0, 0, 1, 0, -0.5092206, 0)
sens_horizontal = 0.2
sens_vertical = 0.2
